a1 177 688 343 690 396 541 266 540
a2 6 684 176 688 263 541 132 522
a3 396 542 513 545 505 692 343 691
a4 514 546 633 552 666 691 504 691
a5 632 550 756 557 821 700 665 695
a6 756 559 878 553 988 706 825 700
a7 879 552 1026 530 1078 645 993 706
b1 77 502 170 505 239 394 127 379 62 453
b2 171 504 278 508 321 412 240 394
b3 279 509 320 411 401 429 388 509
b4 401 429 506 439 503 514 389 509
b5 509 440 606 442 618 514 504 512
b6 607 444 702 451 731 514 620 515
b7 705 450 799 452 844 522 738 522
b8 800 451 905 442 957 506 846 526
b9 907 440 1004 443 1058 520 958 508
